function mpc = case24()
%IEEERTS24

%% MATPOWER Case Format : Version 2
mpc.version = '2';

%%-----  Power Flow Data  -----%%
%% system MVA base
mpc.baseMVA = 100.000000;

%% bus data
% bus_i type           Pd           Qd           Gs           Bs area           Vm           Va       baseKV zone         Vmax         Vmin
mpc.bus = [
      1    2   108.000000    22.000000     0.000000     0.000000    1     1.000000     0.000000   138.000000    1     1.050000     0.950000;
      2    2    97.000000    20.000000     0.000000     0.000000    1     1.000000     0.000000   138.000000    1     1.050000     0.950000;
      3    1   180.000000    37.000000     0.000000     0.000000    1     1.000000     0.000000   138.000000    1     1.050000     0.950000;
      4    1    74.000000    15.000000     0.000000     0.000000    1     1.000000     0.000000   138.000000    1     1.050000     0.950000;
      5    1    71.000000    14.000000     0.000000     0.000000    1     1.000000     0.000000   138.000000    1     1.050000     0.950000;
      6    1   136.000000    28.000000     0.000000  -100.000000    2     1.000000     0.000000   138.000000    1     1.050000     0.950000;
      7    2   125.000000    25.000000     0.000000     0.000000    2     1.000000     0.000000   138.000000    1     1.050000     0.950000;
      8    1   171.000000    35.000000     0.000000     0.000000    2     1.000000     0.000000   138.000000    1     1.050000     0.950000;
      9    1   175.000000    36.000000     0.000000     0.000000    1     1.000000     0.000000   138.000000    1     1.050000     0.950000;
     10    1   195.000000    40.000000     0.000000     0.000000    2     1.000000     0.000000   138.000000    1     1.050000     0.950000;
     11    1     0.000000     0.000000     0.000000     0.000000    3     1.000000     0.000000   230.000000    1     1.050000     0.950000;
     12    1     0.000000     0.000000     0.000000     0.000000    3     1.000000     0.000000   230.000000    1     1.050000     0.950000;
     13    3   265.000000    54.000000     0.000000     0.000000    3     1.000000     0.000000   230.000000    1     1.050000     0.950000;
     14    2   194.000000    39.000000     0.000000     0.000000    3     1.000000     0.000000   230.000000    1     1.050000     0.950000;
     15    2   317.000000    64.000000     0.000000     0.000000    4     1.000000     0.000000   230.000000    1     1.050000     0.950000;
     16    2   100.000000    20.000000     0.000000     0.000000    4     1.000000     0.000000   230.000000    1     1.050000     0.950000;
     17    1     0.000000     0.000000     0.000000     0.000000    4     1.000000     0.000000   230.000000    1     1.050000     0.950000;
     18    2   333.000000    68.000000     0.000000     0.000000    4     1.000000     0.000000   230.000000    1     1.050000     0.950000;
     19    1   181.000000    37.000000     0.000000     0.000000    3     1.000000     0.000000   230.000000    1     1.050000     0.950000;
     20    1   128.000000    26.000000     0.000000     0.000000    3     1.000000     0.000000   230.000000    1     1.050000     0.950000;
     21    2     0.000000     0.000000     0.000000     0.000000    4     1.000000     0.000000   230.000000    1     1.050000     0.950000;
     22    2     0.000000     0.000000     0.000000     0.000000    4     1.000000     0.000000   230.000000    1     1.050000     0.950000;
     23    2     0.000000     0.000000     0.000000     0.000000    3     1.000000     0.000000   230.000000    1     1.050000     0.950000;
     24    1     0.000000     0.000000     0.000000     0.000000    4     1.000000     0.000000   230.000000    1     1.050000     0.950000;
];

% Scale down to weak 1 (86.2), day 1 (93).
mpc.bus(:,3) = mpc.bus(:,3) * 0.86 * 0.93;
mpc.bus(:,4) = mpc.bus(:,4) * 0.86 * 0.93;

% Change the vmax and vmin to avoid voltage-violation at generator buses which controled at 1.05.
mpc.bus(:,12) = 1.06;
mpc.bus(:,13) = 0.94;

%% generator data
%   bus           Pg           Qg         Qmax         Qmin           Vg        mBase status         Pmax         Pmin          Pc1          Pc2       Qc1min       Qc1max       Qc2min       Qc2max     ramp_agc      ramp_10      ramp_30       ramp_q          apf
